4808888200033
4892368320847
5012251012010
5013965953354
6805699953675
8850006265178
8850006330593
8850006331682
8886950050218
8886950051024
8886950051048
8886950051260
8886950052045
8886950052106
8886950052120
8886950054025
8886950055039
8886950055046
8886950055275
8886950056012
8886950056036
8886950056050
8886950057057
8886950066455
8886950066479
8886950066486
8886950066523
8886950092096
8886950092119
8886950093192
8901207000324
8964000570128
8964000570142
8964000570159
8964000572559
8964001221029
8964001221043
8964001492627
8964001492641
8964001492696
9200475730704
9200475731008
9200475760503
9200475761005
9200475776108
9200475780303
9200475780709
9200475781003
9200475782871