22231970
3004206283110
4258633120169
5028217000991
5060061732017
5060061732048
5060061732062
5060061732857
5060061733168
620514002637
620514004761
671866116664
671866149761
671866149839
671866149921
671866149952
671866150057
671866277457
8008857300627
8461118314106
8461118314304
895120001088
895120001354
895120001958
8961014004182
8961014008371
8961014008388
8961014008425
8961014008487
8961014008531
8961014015911
8961014015935
8961014016772
8961014189216
8961101340155
8961101340193
8961101340230
8961101340254
8961101340926
8964000070055
8964000090428
8964000585252
8964000585283
8964000585313
8964001072447
8964001072461
9555022303284