3061375781274
3061376194547
3600540816108
3600540961495
3600541124066
3600541124110
3600541124868
3600541125209
3610340017926
3610340025464
3610340025501
3610340025549
3610340030222
3610340030277
3610340030321
3610340030420
3610340030475
3610340030529
3610340038945
3610340038969
3610340038976
3610340080081
3610340080128
3610340180385
3610340180408
3610340180415
3610340180422
3610340180439
3610340184475
3610340204494
3610340394386
4902806000313
4902806001518
4902806008944
5410076937530
5410076961535
5410076961757
6103403
8001090843371
8001090843401
8001090843432
8001090846600
8001090846631
8001090846662
8850006493755
8850006494738
8850006494769
8901030541872
8961014003147
8961014003277
8961014003970
8961014003987
8961014003994
8961014007213
8961014007404
8961014011319
8961014011340
8961014012743
8961014015676
8961014046328
8961014235135
8961014235173
8961014235791
8964000462232
8964000462249
8964000462256
8964000462263
8964000462270
8964000462287
8964000462294
8964000462300
8964000571033