4015400928157
4015400928218
4015400928249
5013965705038
5013965705069
6001106115081
6001106209070
6001106209087
6001106209094
6001106209100
6001106209117
6001106209124
6001106209261
6001106209285
6001106209308
6001106209506
6001106209513
6001106209520
6001106209551
6001106209575
6001106209599
6001106209612
6001106209667
6291003250101
6291003253539
6291003253546
6291003253584
6291003253591
8001090573001
8001090573162
8001090573490
8001090573773
8001090573964
8001090574053
8001090738448
8001090738479
8001090738509
8001090738530
8001090794109
8001090794130
8001090794161
8001090876591
8001090876713
8001090882059
8001090882080
8001090882110
8001090882141
8886950031101
8886950031118
8886950031125
8886950031323
8886950031484
8886950031576
8886950031583
8886950031606
8886950039039
8886950039138
8901030599217
8961014001082
8961014001099
8961014001105
8961014001112
8961014001211
8961014002348
8961014003567
8961014003574
8961014007718
8961014007848
8961014013078
8961014013214
8961014015287
8961014015294
8961014015300
8961014015324
8961014015331
8961014015348
8961014015362
8961014015386
8961014015393
8961014234459
8961014234480
8961014234497
8961014234633
8961014234657
8961014234664
8961014234671
8961014234688
8961014234725
8961014234732
8961014234855
8961014234893
8961101230555
8961101230937
8961101230944
8961101230951
8961101231071
8961101231088
8964000954270
9300631016656
9300701856519