3610340222382
3610340222399
3610340631276
3610340631337
5011321374546
5060453454121
5060453454152
5060453454169
5907747205871
5907747205888
5907747205895
5907747205901
6001087005654
6001087010870
6001087012010
60014399
60014429
60018939
60022141
6297000442617
6297000442624
6297000669267
653341109477
653341109576
653341109675
653341109774
653341109972
653341110176
653341110275
653341110374
653341110473
7137571740394
7137571741384
7137571743364
8696630132246
8696630132253
8696630132260
8696630132277
8696630132284
8696630132291
8696630132307
8696630132314
8696630132321
8696630132338
8696630132345
8696630132352
8696630137579
8696630137586
8696630137616
8696630137623
8696630137630
8696630137654
8696630137661
8696630137685
8888202002716
8888202002815
8888202005441
8888202045584
8901030537912
8901030545429
8901526211753
8901526211760
8901526991150
8901526991174
8961014002843
8961014003383
8961014007619
8961014007626
8961014007657
8961014009576
8961014009873
8961014009880
8961014012453
8961014012507
8961014012514
8961014012521
8961014012538
8961014029758
8961014035919
8961014036015
8961014036992
8961014037050
8961014037067
8961014051957
8961014234947
8961014234954
8961014234961
8961014239782
8964000047354
8964000047361
8964000047378
8964000279861
8964000279878
8964000279892
8964000279908
8964000279915
8964001174400
8964001174417
8964001174448
8964001174783
8964001174790
8991111112114
8991111112244
8992222053693
8992222053709
8992222053716
8992222053730
8992222300148
8992222300162
8992222300179
8992222300360
8992222300377
8992304047152
8999999034696
8999999041656